15 30
000000000000000000000000000111
011111100000000000000000000111
011111100000000000000000000000
000000001111111111110000000000
000000000110000000111000000000
000000000110000111110000000000
000000000011111100000000000000
000000000000000000000000000000
000000000000000000000000000000
000000111111111111111111100000
000111110001111000000001111110
000011110001111100000011111000
000001111111111110000011110000
000000000000011111111111100000
000000000000000000000000000000
3
7
3 3 4 3 5 3 6 3 7 3 8 3 9 3 
2
7 12 8 12 
3
2 7 2 8 2 9
